0.3271131166631924

0.6114896300407313

0.631292167053021

0.9165482681511027

0.9759924165001413

0.6002006966314275

0.1022818032714291

0.6162810799652974

0.7606577210679616

0.9499325034279065

0.9055868984595715

0.4731686341592617

0.9107974096892738

0.6516822320649744

0.2897290294995113

0.6480463261882929

0.998574630476112

0.22768369457985216

0.6426184358190089

0.5041950759620667

0.5624133453192995

0.5020462785380921

0.3303024727675101

0.6443645493231352

0.18167334363544907

0.6329949973116481

